{
 "cells": [
  {
   "cell_type": "markdown",
   "id": "36ac70ab-bbf8-4192-b27f-ba0480d8ce09",
   "metadata": {
    "panel-layout": {
     "height": 143.7109375,
     "visible": true,
     "width": 100
    }
   },
   "source": [
    "1. Implementation of SVD\n",
    "\n",
    "   Target: Using SVD to analyze computer network traffic\n",
    "\n",
    "Singular Value Decomposition from scratch:\n",
    "    \n",
    "    A = UEV^t\n",
    "    "
   ]
  },
  {
   "cell_type": "code",
   "execution_count": 1,
   "id": "b1702d29-f911-4a3b-b6cf-ba74c179bebc",
   "metadata": {},
   "outputs": [],
   "source": [
    "# import math\n",
    "import numpy as np\n",
    "import pandas as pd\n",
    "\n",
    "# Functions\n",
    "\n",
    "def mxMulti(A, B):\n",
    "    \"\"\"\n",
    "    Function to multiply two matrices A and B\n",
    "\n",
    "    \"\"\"\n",
    "    # Get dimensions\n",
    "    m, n = A.shape\n",
    "    m2, n2 = B.shape\n",
    "    \n",
    "    # Check if multiplication is possible\n",
    "    if n != m2:\n",
    "        raise ValueError(f\"Cannot multiply: A is {m}×{n}, B is {m2}×{n2}. Middle dimensions must match!\")\n",
    "    \n",
    "    # Create result matrix\n",
    "    C = np.zeros((m, n2))\n",
    "    \n",
    "    # Multiply\n",
    "    for i in range(m):\n",
    "        for j in range(n2):\n",
    "            value = 0\n",
    "            for k in range(n):\n",
    "                value += A[i, k] * B[k, j]\n",
    "            C[i, j] = value\n",
    "    \n",
    "    return C\n",
    "\n",
    "def vrppc(singulars):\n",
    "    \"\"\"\n",
    "    this function analyze the amount of variance retained in principal component\n",
    "    \"\"\"\n",
    "\n",
    "    s = len(singulars)\n",
    "\n",
    "    sqval = []\n",
    "    for i in range(s):\n",
    "        sqval.append(singulars[i] ** 2) # square values\n",
    "\n",
    "    # callculate the sum\n",
    "    totalsum = 0\n",
    "    for i in range(s):\n",
    "        totalsum += sqval[i]\n",
    "\n",
    "    # total variance\n",
    "    totalv = 0\n",
    "    for i in range(s):\n",
    "        totalv += sqval[i]\n",
    "\n",
    "    # variance per component \n",
    "    variancepp = []\n",
    "    for i in range(s):\n",
    "        variancepp.append(sqval[i] / totalv)\n",
    "\n",
    "    # cummulative\n",
    "    cumulativev = []\n",
    "    csum = 0\n",
    "\n",
    "    for i in range(s):\n",
    "        csum = csum + float(variancepp[i])\n",
    "        cumulativev.append(csum)\n",
    "\n",
    "    return variancepp, cumulativev\n",
    "        \n",
    "# function to calculate AAT\n",
    "\n",
    "def ata(matrixa):\n",
    "    \n",
    "    \"\"\"\n",
    "    Calculate AAT for Matrix A and return matrix B = AAT\n",
    "    \"\"\"\n",
    "    \n",
    "    # extract dimensions of the matrix; m - rows, n - cols\n",
    "    m, n = matrixa.shape\n",
    "\n",
    "    # create empty matrix for transpose with swapped dimensions, then loop reverse\n",
    "    atranspose = np.zeros((n,m))\n",
    "\n",
    "    for i in range(m):\n",
    "        for x in range(n): \n",
    "            atranspose[x,i] = matrixa[i,x]\n",
    "            \n",
    "    print(matrixa)\n",
    "\n",
    "    print(atranspose)\n",
    "\n",
    "    # get dimension of the atranspose - reversed n with m as per transpose\n",
    "    m2, n2 = atranspose.shape\n",
    "\n",
    "    #create empty matrixb = A^T A\n",
    "    matrixb = np.zeros((m2, n))\n",
    "\n",
    "    for i in range(m2):\n",
    "        for x in range(n):\n",
    "            product = 0\n",
    "            for y in range(m):\n",
    "                product += atranspose[i,y] * matrixa[y,x]\n",
    "            matrixb[i,x] = product\n",
    "    \n",
    "    return matrixb\n",
    "\n",
    "def creprojectionM(V, k):\n",
    "    \"\"\"\n",
    "    Create projection matrix using first k principal components.\n",
    "  \n",
    "    \"\"\"\n",
    "    n = V.shape[1]\n",
    "    V_k = np.zeros((n, k))\n",
    "    \n",
    "    for i in range(n):\n",
    "        for j in range(k):\n",
    "            V_k[i, j] = V[i, j]\n",
    "    \n",
    "    return V_k\n"
   ]
  },
  {
   "cell_type": "markdown",
   "id": "60b0bab6-dd31-4cc5-ae56-e185c75ce957",
   "metadata": {
    "panel-layout": {
     "height": 51.1328125,
     "visible": true,
     "width": 100
    }
   },
   "source": [
    "test value - left for troubleshooting pourposes:"
   ]
  },
  {
   "cell_type": "code",
   "execution_count": 2,
   "id": "0e952ce9-9b1b-4cf0-ab19-ba35bcbca190",
   "metadata": {},
   "outputs": [],
   "source": [
    "# matrix = np.array([[1,0,1], [-2,1,0]])\n"
   ]
  },
  {
   "cell_type": "markdown",
   "id": "9ffb55df-2ca2-4cff-9b00-6444b4e39520",
   "metadata": {},
   "source": [
    "Sample data set - packet capture\n",
    "\n",
    "\n",
    "| No. | Time     | Source            | Destination       | Protocol | Length | Info                                                                                                                    |\n",
    "|-----|----------|-------------------|-------------------|----------|--------|-------------------------------------------------------------------------------------------------------------------------|\n",
    "| 1   | 0.000000 | 69.245.49.10      | 143.173.237.247   | TCP      | 1504   | 2082 > 1214 [ACK] Seq=1 Ack=1 Win=17188 Len=1460[Packet size limited during capture]                                   |\n",
    "| 2   | 0.000011 | 236.179.225.218   | 241.46.188.127    | TCP      | 56     | 47302 > 80 [ACK] Seq=1 Ack=1 Win=17520 Len=0[Packet size limited during capture]                                       |\n",
    "| 3   | 0.000025 | 3.3.241.136       | 252.224.52.109    | TCP      | 64     | 10646 > 1469 [PSH, ACK] Seq=1 Ack=1 Win=9660 Len=20[Packet size limited during capture]                                |\n",
    "| 4   | 0.000039 | 3.3.241.136       | 252.224.52.109    | TCP      | 1424   | [TCP Out-Of-Order] 10646 > 1469 [ACK] Seq=4294965917 Ack=1 Win=9660 Len=1380                                           |\n",
    "| 5   | 0.000044 | 3.3.241.136       | 252.224.52.109    | TCP      | 1135   | [TCP Out-Of-Order] 10646 > 1469 [ACK] Seq=4294964826 Ack=1 Win=9660 Len=1091                                           |\n",
    "| 6   | 0.000047 | 238.201.77.212    | 115.224.122.122   | TCP      | 44     | 80 > 2436 [ACK] Seq=1 Ack=1 Win=8460 Len=0                                                                             |\n",
    "| 7   | 0.000051 | 69.249.227.206    | 0.3.117.181       | TCP      | 44     | 4945 > 80 [ACK] Seq=1 Ack=1 Win=8760 Len=0                                                                             |\n",
    "| 8   | 0.000083 | 236.179.225.214   | 241.46.188.127    | TCP      | 56     | 8266 > 80 [FIN, ACK] Seq=1 Ack=1 Win=17520 Len=0[Packet size limited during capture]                                   |\n",
    "| 9   | 0.000085 | 236.179.225.218   | 241.46.188.127    | TCP      | 132    | [TCP Previous segment not captured] 47302 > 80 [PSH, ACK] Seq=594 Ack=1 Win=17520 Len=76[Packet size limited during capture] |\n",
    "| 10  | 0.000122 | 69.110.16.40      | 241.84.136.53     | TCP      | 64     | 5762 > 80 [SYN] Seq=0 Win=65535 Len=0 MSS=1460[Packet size limited during capture]                                     |"
   ]
  },
  {
   "cell_type": "code",
   "execution_count": 4,
   "id": "4274e8fc-20a9-4477-9409-f5160e5b542e",
   "metadata": {},
   "outputs": [
    {
     "name": "stdout",
     "output_type": "stream",
     "text": [
      "[[   0    0    0    0]\n",
      " [   1    1    0    1]\n",
      " [   2    2    0    2]\n",
      " ...\n",
      " [1351 8729    0    3]\n",
      " [ 386  588    0  157]\n",
      " [2542 8730    0    2]]\n"
     ]
    }
   ],
   "source": [
    "import pandas as pd\n",
    "\n",
    "df = pd.read_csv('oc48-mfn.dirA.20_v2_50000.csv', usecols=['Source', 'Destination', 'Protocol', 'Length'])\n",
    "\n",
    "# encode labels to numbers using pandas \n",
    "df['Protocol'] = pd.factorize(df['Protocol'])[0]\n",
    "df['Source'] = pd.factorize(df['Source'])[0]\n",
    "df['Destination'] = pd.factorize(df['Destination'])[0]\n",
    "df['Length'] = pd.factorize(df['Length'])[0]\n",
    "\n",
    "# convert to numpy array for SVD\n",
    "A = df.to_numpy()\n",
    "\n",
    "print(A)"
   ]
  },
  {
   "cell_type": "markdown",
   "id": "c8c25248-a42c-445f-9db6-e986eb6f5ff0",
   "metadata": {},
   "source": [
    "a) Compute the singular values EpsilonI; finding the square roots of the Eisgenvalues of the matrix A^T A"
   ]
  },
  {
   "cell_type": "code",
   "execution_count": 5,
   "id": "1bf4d3ec-10e1-42d3-b509-de89cb2379bc",
   "metadata": {},
   "outputs": [
    {
     "name": "stdout",
     "output_type": "stream",
     "text": [
      "[[   0    0    0    0]\n",
      " [   1    1    0    1]\n",
      " [   2    2    0    2]\n",
      " ...\n",
      " [1351 8729    0    3]\n",
      " [ 386  588    0  157]\n",
      " [2542 8730    0    2]]\n",
      "[[0.000e+00 1.000e+00 2.000e+00 ... 1.351e+03 3.860e+02 2.542e+03]\n",
      " [0.000e+00 1.000e+00 2.000e+00 ... 8.729e+03 5.880e+02 8.730e+03]\n",
      " [0.000e+00 0.000e+00 0.000e+00 ... 0.000e+00 0.000e+00 0.000e+00]\n",
      " [0.000e+00 1.000e+00 2.000e+00 ... 3.000e+00 1.570e+02 2.000e+00]]\n",
      "[[3.96792267e+11 3.17491772e+11 1.21855040e+08 1.37114989e+10]\n",
      " [3.17491772e+11 5.30605651e+11 1.37634520e+08 1.64841084e+10]\n",
      " [1.21855040e+08 1.37634520e+08 1.15409900e+06 1.13637000e+07]\n",
      " [1.37114989e+10 1.64841084e+10 1.13637000e+07 3.59027089e+09]]\n"
     ]
    }
   ],
   "source": [
    "# calling the function to obtain matrixb = A^TA\n",
    "B = ata(A)\n",
    "\n",
    "print(B)    "
   ]
  },
  {
   "cell_type": "markdown",
   "id": "fea91646-c2f3-47b8-93dc-45b004c35180",
   "metadata": {},
   "source": [
    "b) Find the right singular vectors V by finding an orthonormal set of eigenvectors of A^T A"
   ]
  },
  {
   "cell_type": "code",
   "execution_count": 6,
   "id": "242e1ce9-995d-42c0-8831-50ff78c59cff",
   "metadata": {},
   "outputs": [
    {
     "name": "stdout",
     "output_type": "stream",
     "text": [
      "[7.88749431e+11 1.39234477e+11 3.00433787e+09 1.09742487e+06]\n",
      "[[-6.29771380e-01 -7.76555464e-01  1.86975351e-02  1.51661196e-04]\n",
      " [-7.76300767e-01  6.30045933e-01  1.99807601e-02  1.02975561e-04]\n",
      " [-2.33150156e-04 -5.69768512e-05 -2.10809210e-03 -9.99997749e-01]\n",
      " [-2.72960430e-02 -1.93148388e-03 -9.99623293e-01  2.11377685e-03]]\n"
     ]
    }
   ],
   "source": [
    "# finding eigenvalues and eigenvectors\n",
    "eigenval, eigenvec = np.linalg.eigh(B)\n",
    "\n",
    "# print(eigenval)\n",
    "\n",
    "# print(eigenvec)\n",
    "\n",
    "# sort both eigenvalues and eigenvectors\n",
    "idx = eigenval.argsort()[::-1]  # Descending order\n",
    "eigenval = eigenval[idx]\n",
    "eigenvec = eigenvec[:, idx]\n",
    "\n",
    "# clean values - negative value becomes 0\n",
    "eigenval = np.maximum(eigenval, 0)\n",
    "\n",
    "print(eigenval)\n",
    "\n",
    "print(eigenvec)\n",
    "\n",
    "# assining values to V\n",
    "V = eigenvec"
   ]
  },
  {
   "cell_type": "markdown",
   "id": "a5dd5bf0-f78e-4ff7-af5c-9517ec2286c4",
   "metadata": {},
   "source": [
    "\n",
    "c) Compute the elements Ui of U using Ui = (1/EpsilonI)AVi\n"
   ]
  },
  {
   "cell_type": "code",
   "execution_count": 120,
   "id": "b610048f-a9f0-49c8-9ed7-ab6374d6ca47",
   "metadata": {},
   "outputs": [
    {
     "name": "stdout",
     "output_type": "stream",
     "text": [
      "[888115.6630262  373141.36356839  54811.84063673   1047.5804854 ]\n",
      "Number of singular values: 4\n",
      "[[ 0.00000000e+00  0.00000000e+00  0.00000000e+00 ...  0.00000000e+00\n",
      "   0.00000000e+00  0.00000000e+00]\n",
      " [-1.61394315e-06 -3.97814419e-07 -1.75317046e-05 ...  0.00000000e+00\n",
      "   0.00000000e+00  0.00000000e+00]\n",
      " [-3.22788630e-06 -7.95628837e-07 -3.50634092e-05 ...  0.00000000e+00\n",
      "   0.00000000e+00  0.00000000e+00]\n",
      " ...\n",
      " [-8.58810708e-03  1.19272189e-02  3.58815820e-03 ...  0.00000000e+00\n",
      "   0.00000000e+00  0.00000000e+00]\n",
      " [-7.92511732e-04  1.88704238e-04 -2.51724664e-03 ...  0.00000000e+00\n",
      "   0.00000000e+00  0.00000000e+00]\n",
      " [-9.43350003e-03  9.45028745e-03  4.01303662e-03 ...  0.00000000e+00\n",
      "   0.00000000e+00  0.00000000e+00]]\n"
     ]
    }
   ],
   "source": [
    "# Compute singular values\n",
    "singularval = np.sqrt(eigenval)\n",
    "\n",
    "print(singularval)\n",
    "\n",
    "ma, na = A.shape\n",
    "\n",
    "k = min(ma, na) # number of components\n",
    "\n",
    "print(f\"Number of singular values: {k}\")\n",
    "\n",
    "# compute U - create matrix of Zeros\n",
    "U = np.zeros((ma, ma))\n",
    "\n",
    "# loop computes each column of the U matrix, skips values that cannot be devided by zero\n",
    "for i in range(k):\n",
    "    if singularval[i] > 1e-10:\n",
    "        U[:, i] = (A @ eigenvec[:, i]) / singularval[i]\n",
    "\n",
    "print(U)\n"
   ]
  },
  {
   "cell_type": "markdown",
   "id": "72acfbe4-c5ef-4c58-bc3c-58e7d6f03e12",
   "metadata": {},
   "source": [
    "Create Sigma"
   ]
  },
  {
   "cell_type": "code",
   "execution_count": 121,
   "id": "0186237d-93f2-423d-9ac5-8653e453f06c",
   "metadata": {},
   "outputs": [
    {
     "name": "stdout",
     "output_type": "stream",
     "text": [
      "[[888115.6630262       0.              0.              0.        ]\n",
      " [     0.         373141.36356839      0.              0.        ]\n",
      " [     0.              0.          54811.84063673      0.        ]\n",
      " [     0.              0.              0.           1047.5804854 ]]\n"
     ]
    }
   ],
   "source": [
    "# there is a problem when getting sigma, so need to normalize per number of U columns, initially i was assigning ma x ma not k x k\n",
    "Uk = U[:, :k]\n",
    "sigma = np.zeros((k,k)) # square diagonal\n",
    "\n",
    "for i in range(k):\n",
    "    sigma[i,i] = singularval[i]\n",
    "\n",
    "print(sigma)\n",
    "\n",
    "# fix sigma "
   ]
  },
  {
   "cell_type": "code",
   "execution_count": 122,
   "id": "1a995145-aedb-4669-904a-40401486ce8c",
   "metadata": {},
   "outputs": [
    {
     "name": "stdout",
     "output_type": "stream",
     "text": [
      "[[-6.29771380e-01 -7.76300767e-01 -2.33150156e-04 -2.72960430e-02]\n",
      " [-7.76555464e-01  6.30045933e-01 -5.69768512e-05 -1.93148388e-03]\n",
      " [ 1.86975351e-02  1.99807601e-02 -2.10809210e-03 -9.99623293e-01]\n",
      " [ 1.51661196e-04  1.02975561e-04 -9.99997749e-01  2.11377685e-03]]\n",
      "(4, 4)\n",
      "[[-6.29771380e-01 -7.76555464e-01  1.86975351e-02  1.51661196e-04]\n",
      " [-7.76300767e-01  6.30045933e-01  1.99807601e-02  1.02975561e-04]\n",
      " [-2.33150156e-04 -5.69768512e-05 -2.10809210e-03 -9.99997749e-01]\n",
      " [-2.72960430e-02 -1.93148388e-03 -9.99623293e-01  2.11377685e-03]]\n",
      "(4, 4)\n"
     ]
    }
   ],
   "source": [
    "# V transpose - first create empty matrix\n",
    "me, ne = eigenvec.shape\n",
    "vt = np.zeros((ne,me))\n",
    "\n",
    "for i in range(me):\n",
    "    for j in range(ne):\n",
    "        vt[j,i] = eigenvec[i,j]\n",
    "\n",
    "print(vt)\n",
    "print(vt.shape)\n",
    "print(eigenvec)\n",
    "print(eigenvec.shape)"
   ]
  },
  {
   "cell_type": "markdown",
   "id": "6ed09c86-8b3f-4c37-9bbb-549e260a40d8",
   "metadata": {},
   "source": [
    "Calculate the end product:"
   ]
  },
  {
   "cell_type": "code",
   "execution_count": 123,
   "id": "e50321e4-3906-4e33-adae-c812dc70c823",
   "metadata": {},
   "outputs": [
    {
     "name": "stdout",
     "output_type": "stream",
     "text": [
      "[[ 0.00000000e+00  0.00000000e+00  0.00000000e+00  0.00000000e+00]\n",
      " [-1.43336819e+00 -1.48441015e-01 -9.60944997e-01  2.36841361e-03]\n",
      " [-2.86673638e+00 -2.96882029e-01 -1.92188999e+00  4.73682722e-03]\n",
      " ...\n",
      " [-7.62723242e+03  4.45053872e+03  1.96673555e+02  1.11010928e+00]\n",
      " [-7.03842082e+02  7.04133566e+01 -1.37974921e+02  4.50953817e-01]\n",
      " [-8.37803914e+03  3.52629314e+03  2.19961924e+02  1.28872696e+00]]\n",
      "[[ 0.00000000e+00  0.00000000e+00  0.00000000e+00  0.00000000e+00]\n",
      " [ 1.00000000e+00  1.00000000e+00  3.77302356e-17  1.00000000e+00]\n",
      " [ 2.00000000e+00  2.00000000e+00  7.54604712e-17  2.00000000e+00]\n",
      " ...\n",
      " [ 1.35100000e+03  8.72900000e+03 -5.10702591e-15  3.00000000e+00]\n",
      " [ 3.86000000e+02  5.88000000e+02  5.49560397e-15  1.57000000e+02]\n",
      " [ 2.54200000e+03  8.73000000e+03 -6.21724894e-15  2.00000000e+00]]\n",
      "[[ 0.00000000e+00  0.00000000e+00  0.00000000e+00  0.00000000e+00]\n",
      " [-1.43336819e+00 -1.48441015e-01 -9.60944997e-01  2.36841361e-03]\n",
      " [-2.86673638e+00 -2.96882029e-01 -1.92188999e+00  4.73682722e-03]\n",
      " ...\n",
      " [-7.62723242e+03  4.45053872e+03  1.96673555e+02  1.11010928e+00]\n",
      " [-7.03842082e+02  7.04133566e+01 -1.37974921e+02  4.50953817e-01]\n",
      " [-8.37803914e+03  3.52629314e+03  2.19961924e+02  1.28872696e+00]]\n",
      "[[ 0.00000000e+00  0.00000000e+00  0.00000000e+00  0.00000000e+00]\n",
      " [ 1.00000000e+00  1.00000000e+00  3.77302356e-17  1.00000000e+00]\n",
      " [ 2.00000000e+00  2.00000000e+00  7.54604712e-17  2.00000000e+00]\n",
      " ...\n",
      " [ 1.35100000e+03  8.72900000e+03 -5.10702591e-15  3.00000000e+00]\n",
      " [ 3.86000000e+02  5.88000000e+02  5.49560397e-15  1.57000000e+02]\n",
      " [ 2.54200000e+03  8.73000000e+03 -6.21724894e-15  2.00000000e+00]]\n"
     ]
    }
   ],
   "source": [
    "# multiplication in two steps:\n",
    "mu, nu = Uk.shape\n",
    "ms, ns = sigma.shape\n",
    "uxsigma = np.zeros((mu,ns)) #result of the first multiplication\n",
    "\n",
    "# first multiplication\n",
    "for i in range(mu):\n",
    "    for j in range(ns):\n",
    "        value = 0\n",
    "        for k in range(nu):\n",
    "            value += Uk[i, k] * sigma[k,j]\n",
    "        uxsigma[i,j] = value\n",
    "\n",
    "# second multiplication\n",
    "mus, nus = uxsigma.shape\n",
    "mvt, nvt = vt.shape\n",
    "uxsigmaxvt = np.zeros((mus, nvt)) # end result\n",
    "\n",
    "for i in range(mus):\n",
    "    for j in range(nvt):\n",
    "        value = 0\n",
    "        for k in range(mvt):\n",
    "            value += uxsigma[i,k] * vt[k,j]\n",
    "        uxsigmaxvt[i,j] = value\n",
    "\n",
    "print(uxsigma)\n",
    "\n",
    "print(uxsigmaxvt)\n",
    "\n",
    "step1=mxMulti(Uk,sigma)\n",
    "\n",
    "print(step1)\n",
    "\n",
    "step2=mxMulti(step1, vt)\n",
    "\n",
    "print(step2)\n"
   ]
  },
  {
   "cell_type": "markdown",
   "id": "1e02b171-5441-4dcd-b48b-90b65eb26fd6",
   "metadata": {},
   "source": [
    " Analyse the amount of variance retained per principal componnent:"
   ]
  },
  {
   "cell_type": "code",
   "execution_count": 132,
   "id": "b86887c4-2067-467d-b0d7-e18e34344423",
   "metadata": {},
   "outputs": [
    {
     "name": "stdout",
     "output_type": "stream",
     "text": [
      "[np.float64(0.8472163902730906), np.float64(0.1495553930774803), np.float64(0.0032270378766739664), np.float64(1.1787727551774646e-06)]\n",
      "Variance retained per principal component:\n",
      "PC1: 84.72%\n",
      "PC2: 14.96%\n",
      "PC3: 0.32%\n",
      "PC4: 0.00%\n",
      "\n",
      "Cumulative variance retained:\n",
      "First 1 PC(s): 84.72%\n",
      "First 2 PC(s): 99.68%\n",
      "First 3 PC(s): 100.00%\n",
      "First 4 PC(s): 100.00%\n"
     ]
    }
   ],
   "source": [
    "# using function\n",
    "varianceppc, cvar = vrppc(singularval)\n",
    "\n",
    "print(varianceppc)\n",
    "\n",
    "print(\"Variance retained per principal component:\")\n",
    "for i in range(len(varianceppc)):\n",
    "    print(f\"PC{i+1}: {varianceppc[i]*100:.2f}%\")\n",
    "\n",
    "print(\"\\nCumulative variance retained:\")\n",
    "for i in range(len(cvar)):\n",
    "    print(f\"First {i+1} PC(s): {cvar[i]*100:.2f}%\")\n",
    "    \n"
   ]
  },
  {
   "cell_type": "markdown",
   "id": "0047e77f-2d52-4f90-aa1a-49f9dece068c",
   "metadata": {},
   "source": [
    "Create projection Matrix:"
   ]
  },
  {
   "cell_type": "code",
   "execution_count": 133,
   "id": "49bb7de4-018d-42f6-ad95-0f8420c7a8b4",
   "metadata": {},
   "outputs": [
    {
     "name": "stdout",
     "output_type": "stream",
     "text": [
      "2\n",
      "[[-6.29771380e-01 -7.76555464e-01]\n",
      " [-7.76300767e-01  6.30045933e-01]\n",
      " [-2.33150156e-04 -5.69768512e-05]\n",
      " [-2.72960430e-02 -1.93148388e-03]]\n"
     ]
    }
   ],
   "source": [
    "\n",
    "# find optimal k\n",
    "threshold = 0.95 # \n",
    "k = len(cvar)  # Default to all components\n",
    "\n",
    "for i in range(len(cvar)):\n",
    "      if cvar[i] >= threshold:\n",
    "            k = i + 1\n",
    "            break\n",
    "          \n",
    "print(k)\n",
    "\n",
    "vk = creprojectionM(eigenvec, k)\n",
    "\n",
    "print(vk)\n",
    "\n"
   ]
  },
  {
   "cell_type": "markdown",
   "id": "db8ee7b1-45b5-440f-adbe-e9ad8df2c6de",
   "metadata": {},
   "source": [
    "Project data into principal components:\n"
   ]
  },
  {
   "cell_type": "code",
   "execution_count": 134,
   "id": "8c2ec3a2-8e4c-423f-b61d-6faddb12ee10",
   "metadata": {},
   "outputs": [
    {
     "name": "stdout",
     "output_type": "stream",
     "text": [
      "[[ 0.00000000e+00  0.00000000e+00]\n",
      " [-1.43336819e+00 -1.48441015e-01]\n",
      " [-2.86673638e+00 -2.96882029e-01]\n",
      " ...\n",
      " [-7.62723242e+03  4.45053872e+03]\n",
      " [-7.03842082e+02  7.04133566e+01]\n",
      " [-8.37803914e+03  3.52629314e+03]]\n",
      "eigenvec shape: (4, 4)\n",
      "A shape: (50000, 4)\n"
     ]
    }
   ],
   "source": [
    "# using function \n",
    "\n",
    "projection = mxMulti(A, vk)\n",
    "\n",
    "print(projection)\n",
    "\n",
    "print(\"eigenvec shape:\", eigenvec.shape)\n",
    "print(\"A shape:\", A.shape)\n",
    "\n",
    "\n"
   ]
  },
  {
   "cell_type": "markdown",
   "id": "cb8b9e29-0014-46d1-83ce-bdb304aa9eb3",
   "metadata": {},
   "source": [
    "plot diagram:"
   ]
  },
  {
   "cell_type": "code",
   "execution_count": 137,
   "id": "8cf6e91b-dc53-4988-8448-d434d27b0356",
   "metadata": {},
   "outputs": [
    {
     "name": "stdout",
     "output_type": "stream",
     "text": [
      "[[ 0.00000000e+00  0.00000000e+00]\n",
      " [-1.43336819e+00 -1.48441015e-01]\n",
      " [-2.86673638e+00 -2.96882029e-01]\n",
      " ...\n",
      " [-7.62723242e+03  4.45053872e+03]\n",
      " [-7.03842082e+02  7.04133566e+01]\n",
      " [-8.37803914e+03  3.52629314e+03]]\n",
      "project2d shape: (50000, 2)\n",
      "v2d shape: (4, 2)\n"
     ]
    },
    {
     "data": {
